[N
93
38
3 prn
87
18 cycloneive_io_obuf
44
58 c:/intelfpga_lite/23.1std/questa_fse/intel/vhdl/cycloneive
30
8 tipd_prn
1
54 c:/intelfpga_lite/23.1std/questa_fse/intel/vhdl/altera
26
11 tipd_asdata
31
10 tipd_aload
47
8 lut_mask
21
17 tpd_prn_q_negedge
89
29 tipd_seriesterminationcontrol
66
5 dataa
65
5 datab
64
5 datac
67
5 datad
23
12 tpd_asdata_q
11
30 tsetup_sclr_clk_noedge_posedge
90
8 tpd_oe_o
5
10 is_wysiwyg
50
17 tpd_datab_combout
8
8 lpm_type
45
21 cycloneive_lcell_comb
9
27 tsetup_d_clk_noedge_posedge
85
10 tipd_inclk
59
10 tipd_dataa
60
10 tipd_datab
61
10 tipd_datac
62
10 tipd_datad
73
7 tpd_i_o
91
10 tpd_i_obar
14
26 thold_d_clk_noedge_posedge
83
17 ena_register_mode
93
17 open_drain_output
39
3 ena
81
13 vital_clkctrl
40
6 asdata
10
32 tsetup_asdata_clk_noedge_posedge
12
31 tsetup_sload_clk_noedge_posedge
77
13 simulate_z_as
6
10 dont_touch
82
10 clock_type
15
31 thold_asdata_clk_noedge_posedge
29
9 tipd_clrn
37
12 InstancePath
17
30 thold_sload_clk_noedge_posedge
34
3 XOn
70
4 arch
51
17 tpd_datac_combout
58
12 tpd_cin_cout
68
4 clrn
36
9 XOnChecks
35
11 MsgOnChecks
79
6 behave
42
5 aload
43
5 sload
18
28 thold_ena_clk_noedge_posedge
33
5 MsgOn
7
14 x_on_violation
55
14 tpd_datab_cout
3
12 vital_dffeas
52
17 tpd_datad_combout
57
14 tpd_datad_cout
24
8 tipd_clk
32
8 tipd_ena
76
8 bus_hold
27
9 tipd_sclr
54
14 tpd_dataa_cout
25
6 tipd_d
22
19 tpd_aload_q_posedge
71
6 tipd_i
74
10 tpd_ibar_o
56
14 tpd_datac_cout
48
14 sum_lutc_input
28
10 tipd_sload
80
18 cycloneive_clkctrl
92
11 tpd_oe_obar
4
8 power_up
84
16 tpd_inclk_outclk
19
17 tpd_clk_q_posedge
88
7 tipd_oe
72
9 tipd_ibar
16
29 thold_sclr_clk_noedge_posedge
13
29 tsetup_ena_clk_noedge_posedge
86
14 tipd_clkselect
20
18 tpd_clrn_q_negedge
63
8 tipd_cin
75
17 differential_mode
53
15 tpd_cin_combout
49
17 tpd_dataa_combout
41
4 sclr
2
6 dffeas
69
18 cycloneive_io_ibuf
46
16 vital_lcell_comb
78
18 cycloneive_ena_reg
]
[G
44
45
46
15
55
0
0
0
0
16 1
0
0
0
]
[G
44
45
46
16
55
0
0
0
0
16 1
0
0
0
]
[G
44
45
46
1
55
0
0
0
0
16 1
0
0
0
]
[G
44
45
46
2
55
0
0
0
0
16 1
0
0
0
]
[G
44
80
81
1
83
0
0
0
0
4 0
110
111
110
101
1
1
1 4 1 1
]
[G
44
45
46
4
62
0
0
0
0
16 1
0
0
0
]
[G
44
45
46
5
62
0
0
0
0
16 1
0
0
0
]
[G
44
78
79
1
35
0
0
1
0
0 0
0
0
]
[G
44
87
70
1
89
0
0
0
0
256 1
0
0
0
]
[G
44
87
70
1
73
0
0
0
0
16 1
0
0
0
]
[G
44
45
46
3
55
0
0
0
0
16 1
0
0
0
]
[G
44
45
46
2
54
0
0
0
0
16 1
0
0
0
]
[G
44
45
46
3
54
0
0
0
0
16 1
0
0
0
]
[G
44
45
46
3
34
0
0
0
0
0 0
0
0
]
[G
44
80
81
1
82
0
0
0
0
12 0
103
108
111
98
97
108
32
99
108
111
99
107
1
1
1 12 1 1
]
[G
44
80
81
1
36
0
0
1
0
0 0
0
0
]
[G
44
69
70
1
71
0
0
0
0
16 1
0
0
0
]
[G
44
45
46
1
51
0
0
0
0
16 1
0
0
0
]
[G
44
45
46
2
51
0
0
0
0
16 1
0
0
0
]
[G
44
45
46
3
51
0
0
0
0
16 1
0
0
0
]
[G
44
45
46
4
51
0
0
0
0
16 1
0
0
0
]
[G
44
45
46
5
51
0
0
0
0
16 1
0
0
0
]
[G
44
45
46
6
51
0
0
0
0
16 1
0
0
0
]
[G
44
45
46
7
51
0
0
0
0
16 1
0
0
0
]
[G
44
45
46
8
51
0
0
0
0
16 1
0
0
0
]
[G
44
45
46
9
51
0
0
0
0
16 1
0
0
0
]
[G
44
45
46
10
51
0
0
0
0
16 1
0
0
0
]
[G
44
45
46
11
51
0
0
0
0
16 1
0
0
0
]
[G
44
45
46
12
51
0
0
0
0
16 1
0
0
0
]
[G
44
45
46
13
51
0
0
0
0
16 1
0
0
0
]
[G
44
45
46
14
51
0
0
0
0
16 1
0
0
0
]
[G
44
45
46
15
51
0
0
0
0
16 1
0
0
0
]
[G
44
45
46
16
51
0
0
0
0
16 1
0
0
0
]
[G
1
2
3
1
27
0
0
0
0
16 1
0
0
0
]
[G
1
2
3
2
27
0
0
0
0
16 1
0
0
0
]
[G
1
2
3
1
11
0
0
0
0
8 1
0
0
0
]
[G
1
2
3
2
11
0
0
0
0
8 1
0
0
0
]
[G
1
2
3
1
28
0
0
0
0
16 1
0
0
0
]
[G
1
2
3
2
28
0
0
0
0
16 1
0
0
0
]
[G
44
45
46
1
6
0
0
0
0
3 0
111
102
102
1
1
1 3 1 1
]
[G
44
45
46
2
6
0
0
0
0
3 0
111
102
102
1
1
1 3 1 1
]
[G
44
45
46
3
6
0
0
0
0
3 0
111
102
102
1
1
1 3 1 1
]
[G
44
45
46
4
6
0
0
0
0
3 0
111
102
102
1
1
1 3 1 1
]
[G
44
45
46
5
6
0
0
0
0
3 0
111
102
102
1
1
1 3 1 1
]
[G
44
45
46
6
6
0
0
0
0
3 0
111
102
102
1
1
1 3 1 1
]
[G
1
2
3
1
7
0
0
0
0
2 0
111
110
1
1
1 2 1 1
]
[G
1
2
3
2
7
0
0
0
0
2 0
111
110
1
1
1 2 1 1
]
[G
44
45
46
9
6
0
0
0
0
3 0
111
102
102
1
1
1 3 1 1
]
[G
44
45
46
10
6
0
0
0
0
3 0
111
102
102
1
1
1 3 1 1
]
[G
44
45
46
11
6
0
0
0
0
3 0
111
102
102
1
1
1 3 1 1
]
[G
44
45
46
12
6
0
0
0
0
3 0
111
102
102
1
1
1 3 1 1
]
[G
44
45
46
13
6
0
0
0
0
3 0
111
102
102
1
1
1 3 1 1
]
[G
44
45
46
14
6
0
0
0
0
3 0
111
102
102
1
1
1 3 1 1
]
[G
44
45
46
15
6
0
0
0
0
3 0
111
102
102
1
1
1 3 1 1
]
[G
44
45
46
16
6
0
0
0
0
3 0
111
102
102
1
1
1 3 1 1
]
[G
44
69
70
1
8
0
0
0
0
18 0
99
121
99
108
111
110
101
105
118
101
95
105
111
95
105
98
117
102
1
1
1 18 1 1
]
[G
44
45
46
7
6
0
0
0
0
3 0
111
102
102
1
1
1 3 1 1
]
[G
44
45
46
8
6
0
0
0
0
3 0
111
102
102
1
1
1 3 1 1
]
[G
44
80
81
1
37
0
0
0
0
1 1
42
1
1
1 1 1 1
]
[G
1
2
3
1
10
0
0
0
0
8 1
0
0
0
]
[G
1
2
3
2
10
0
0
0
0
8 1
0
0
0
]
[G
44
87
70
1
76
0
0
0
0
5 0
102
97
108
115
101
1
1
1 5 1 1
]
[G
44
87
70
1
33
0
0
0
0
0 0
0
0
]
[G
44
80
81
1
8
0
0
0
0
18 0
99
121
99
108
111
110
101
105
118
101
95
99
108
107
99
116
114
108
1
1
1 18 1 1
]
[G
1
2
3
1
21
0
0
0
0
16 1
0
0
0
]
[G
1
2
3
2
21
0
0
0
0
16 1
0
0
0
]
[G
1
2
3
1
26
0
0
0
0
16 1
0
0
0
]
[G
1
2
3
2
26
0
0
0
0
16 1
0
0
0
]
[G
44
45
46
1
33
0
0
0
0
0 0
0
0
]
[G
44
45
46
2
33
0
0
0
0
0 0
0
0
]
[G
44
45
46
3
33
0
0
0
0
0 0
0
0
]
[G
44
45
46
4
33
0
0
0
0
0 0
0
0
]
[G
44
45
46
5
33
0
0
0
0
0 0
0
0
]
[G
1
2
3
1
32
0
0
0
0
16 1
0
0
0
]
[G
44
45
46
7
35
0
0
1
0
0 0
0
0
]
[G
44
45
46
8
35
0
0
1
0
0 0
0
0
]
[G
44
45
46
9
35
0
0
1
0
0 0
0
0
]
[G
44
45
46
10
35
0
0
1
0
0 0
0
0
]
[G
44
45
46
11
35
0
0
1
0
0 0
0
0
]
[G
44
45
46
12
35
0
0
1
0
0 0
0
0
]
[G
44
45
46
13
35
0
0
1
0
0 0
0
0
]
[G
44
45
46
14
35
0
0
1
0
0 0
0
0
]
[G
44
45
46
15
35
0
0
1
0
0 0
0
0
]
[G
44
45
46
16
35
0
0
1
0
0 0
0
0
]
[G
44
45
46
1
35
0
0
1
0
0 0
0
0
]
[G
44
45
46
2
35
0
0
1
0
0 0
0
0
]
[G
44
45
46
3
35
0
0
1
0
0 0
0
0
]
[G
44
45
46
4
35
0
0
1
0
0 0
0
0
]
[G
44
45
46
5
35
0
0
1
0
0 0
0
0
]
[G
44
45
46
6
33
0
0
0
0
0 0
0
0
]
[G
1
2
3
2
32
0
0
0
0
16 1
0
0
0
]
[G
44
45
46
8
33
0
0
0
0
0 0
0
0
]
[G
44
45
46
9
33
0
0
0
0
0 0
0
0
]
[G
44
45
46
10
33
0
0
0
0
0 0
0
0
]
[G
44
69
70
1
34
0
0
0
0
0 0
0
0
]
[G
44
45
46
12
33
0
0
0
0
0 0
0
0
]
[G
44
45
46
13
33
0
0
0
0
0 0
0
0
]
[G
44
45
46
14
33
0
0
0
0
0 0
0
0
]
[G
44
45
46
7
56
0
0
0
0
16 1
0
0
0
]
[G
44
45
46
8
56
0
0
0
0
16 1
0
0
0
]
[G
44
45
46
9
56
0
0
0
0
16 1
0
0
0
]
[G
44
45
46
10
56
0
0
0
0
16 1
0
0
0
]
[G
44
45
46
11
56
0
0
0
0
16 1
0
0
0
]
[G
44
45
46
12
56
0
0
0
0
16 1
0
0
0
]
[G
44
45
46
13
56
0
0
0
0
16 1
0
0
0
]
[G
44
45
46
14
56
0
0
0
0
16 1
0
0
0
]
[G
44
45
46
15
56
0
0
0
0
16 1
0
0
0
]
[G
44
45
46
16
56
0
0
0
0
16 1
0
0
0
]
[G
1
2
3
1
16
0
0
0
0
8 1
0
0
0
]
[G
1
2
3
2
16
0
0
0
0
8 1
0
0
0
]
[G
44
45
46
11
33
0
0
0
0
0 0
0
0
]
[G
44
45
46
4
56
0
0
0
0
16 1
0
0
0
]
[G
44
45
46
5
56
0
0
0
0
16 1
0
0
0
]
[G
44
45
46
6
56
0
0
0
0
16 1
0
0
0
]
[G
44
45
46
15
33
0
0
0
0
0 0
0
0
]
[G
44
45
46
16
33
0
0
0
0
0 0
0
0
]
[G
44
45
46
6
35
0
0
1
0
0 0
0
0
]
[G
44
45
46
7
33
0
0
0
0
0 0
0
0
]
[G
44
45
46
1
56
0
0
0
0
16 1
0
0
0
]
[G
44
45
46
2
56
0
0
0
0
16 1
0
0
0
]
[G
44
45
46
3
56
0
0
0
0
16 1
0
0
0
]
[G
44
80
81
1
86
0
0
0
0
32 1
0
0
0
]
[G
44
80
81
1
34
0
0
0
0
0 0
0
0
]
[G
44
69
70
1
74
0
0
0
0
16 1
0
0
0
]
[G
44
45
46
1
57
0
0
0
0
16 1
0
0
0
]
[G
44
45
46
2
57
0
0
0
0
16 1
0
0
0
]
[G
44
45
46
3
57
0
0
0
0
16 1
0
0
0
]
[G
44
45
46
4
57
0
0
0
0
16 1
0
0
0
]
[G
44
45
46
5
57
0
0
0
0
16 1
0
0
0
]
[G
44
45
46
6
57
0
0
0
0
16 1
0
0
0
]
[G
44
45
46
7
57
0
0
0
0
16 1
0
0
0
]
[G
44
45
46
8
57
0
0
0
0
16 1
0
0
0
]
[G
44
45
46
9
57
0
0
0
0
16 1
0
0
0
]
[G
44
69
70
1
73
0
0
0
0
16 1
0
0
0
]
[G
44
45
46
11
57
0
0
0
0
16 1
0
0
0
]
[G
44
45
46
12
57
0
0
0
0
16 1
0
0
0
]
[G
44
45
46
13
57
0
0
0
0
16 1
0
0
0
]
[G
44
45
46
14
57
0
0
0
0
16 1
0
0
0
]
[G
44
45
46
15
57
0
0
0
0
16 1
0
0
0
]
[G
44
45
46
16
57
0
0
0
0
16 1
0
0
0
]
[G
44
45
46
3
58
0
0
0
0
16 1
0
0
0
]
[G
44
45
46
4
58
0
0
0
0
16 1
0
0
0
]
[G
44
45
46
5
58
0
0
0
0
16 1
0
0
0
]
[G
44
45
46
6
58
0
0
0
0
16 1
0
0
0
]
[G
44
45
46
7
58
0
0
0
0
16 1
0
0
0
]
[G
44
45
46
8
58
0
0
0
0
16 1
0
0
0
]
[G
44
45
46
9
58
0
0
0
0
16 1
0
0
0
]
[G
44
45
46
10
58
0
0
0
0
16 1
0
0
0
]
[G
44
45
46
11
58
0
0
0
0
16 1
0
0
0
]
[G
44
45
46
12
58
0
0
0
0
16 1
0
0
0
]
[G
44
45
46
13
58
0
0
0
0
16 1
0
0
0
]
[G
44
45
46
14
58
0
0
0
0
16 1
0
0
0
]
[G
44
45
46
15
58
0
0
0
0
16 1
0
0
0
]
[G
44
45
46
16
58
0
0
0
0
16 1
0
0
0
]
[G
44
45
46
1
58
0
0
0
0
16 1
0
0
0
]
[G
44
45
46
2
58
0
0
0
0
16 1
0
0
0
]
[G
44
69
70
1
77
0
0
0
0
1 1
122
1
1
1 1 1 1
]
[G
44
45
46
10
57
0
0
0
0
16 1
0
0
0
]
[G
1
2
3
1
17
0
0
0
0
8 1
0
0
0
]
[G
1
2
3
2
17
0
0
0
0
8 1
0
0
0
]
[G
44
78
79
1
36
0
0
1
0
0 0
0
0
]
[G
1
2
3
1
36
0
0
1
0
0 0
0
0
]
[G
1
2
3
2
36
0
0
1
0
0 0
0
0
]
[G
44
80
81
1
85
0
0
0
0
64 1
0
0
0
]
[G
44
45
46
1
47
0
0
0
0
16 0
2
2
2
2
3
3
3
3
3
3
3
3
2
2
2
2
0
0
]
[G
44
45
46
2
47
0
0
0
0
16 0
2
3
2
3
3
2
3
2
3
3
3
3
2
2
2
2
0
0
]
[G
44
45
46
3
47
0
0
0
0
16 0
2
3
3
3
3
2
2
2
3
3
3
3
2
2
2
2
0
0
]
[G
44
45
46
4
47
0
0
0
0
16 0
3
2
3
2
3
2
3
2
3
3
2
2
3
3
2
2
0
0
]
[G
44
45
46
5
47
0
0
0
0
16 0
3
2
3
2
3
2
3
2
3
3
3
3
2
2
2
2
0
0
]
[G
44
45
46
6
47
0
0
0
0
16 0
3
3
2
2
3
3
2
2
3
3
3
3
2
2
2
2
0
0
]
[G
44
45
46
7
47
0
0
0
0
16 0
3
3
2
2
3
3
3
3
3
3
2
2
2
2
2
2
0
0
]
[G
44
45
46
8
47
0
0
0
0
16 0
3
3
2
2
3
2
3
3
3
3
2
2
3
2
2
2
0
0
]
[G
44
45
46
9
47
0
0
0
0
16 0
3
3
3
3
2
3
2
3
3
2
2
2
3
2
2
2
0
0
]
[G
44
45
46
10
47
0
0
0
0
16 8
3
3
2
2
3
2
3
2
0
0
]
[G
44
45
46
11
47
0
0
0
0
16 0
3
2
3
2
3
3
3
3
3
2
3
2
2
2
2
2
0
0
]
[G
44
45
46
12
47
0
0
0
0
16 0
3
3
3
3
3
2
3
2
2
2
2
2
3
3
2
2
0
0
]
[G
44
45
46
13
47
0
0
0
0
16 0
3
2
3
2
3
3
3
3
3
3
2
2
2
2
2
2
0
0
]
[G
44
45
46
14
47
0
0
0
0
16 0
3
3
3
3
2
2
3
3
3
3
2
2
2
2
2
2
0
0
]
[G
44
45
46
15
47
0
0
0
0
16 1
3
0
0
]
[G
44
45
46
16
47
0
0
0
0
16 0
3
2
3
2
3
2
3
2
3
3
3
3
3
3
3
3
0
0
]
[G
1
2
3
1
19
0
0
0
0
16 1
0
0
0
]
[G
1
2
3
2
19
0
0
0
0
16 1
0
0
0
]
[G
1
2
3
1
23
0
0
0
0
16 1
0
0
0
]
[G
1
2
3
2
23
0
0
0
0
16 1
0
0
0
]
[G
44
78
79
1
25
0
0
0
0
16 1
0
0
0
]
[G
44
78
79
1
19
0
0
0
0
16 1
0
0
0
]
[G
1
2
3
1
25
0
0
0
0
16 1
0
0
0
]
[G
1
2
3
2
25
0
0
0
0
16 1
0
0
0
]
[G
1
2
3
1
29
0
0
0
0
16 1
0
0
0
]
[G
1
2
3
2
29
0
0
0
0
16 1
0
0
0
]
[G
44
69
70
1
75
0
0
0
0
5 0
102
97
108
115
101
1
1
1 5 1 1
]
[G
44
78
79
1
24
0
0
0
0
16 1
0
0
0
]
[G
1
2
3
1
24
0
0
0
0
16 1
0
0
0
]
[G
1
2
3
2
24
0
0
0
0
16 1
0
0
0
]
[G
44
78
79
1
37
0
0
0
0
1 1
42
1
1
1 1 1 1
]
[G
44
87
70
1
93
0
0
0
0
5 0
102
97
108
115
101
1
1
1 5 1 1
]
[G
1
2
3
1
37
0
0
0
0
1 1
42
1
1
1 1 1 1
]
[G
1
2
3
2
37
0
0
0
0
1 1
42
1
1
1 1 1 1
]
[G
44
80
81
1
84
0
0
0
0
64 1
0
0
0
]
[G
44
45
46
2
50
0
0
0
0
16 1
0
0
0
]
[G
44
45
46
3
50
0
0
0
0
16 1
0
0
0
]
[G
44
45
46
4
50
0
0
0
0
16 1
0
0
0
]
[G
44
45
46
5
50
0
0
0
0
16 1
0
0
0
]
[G
44
45
46
6
50
0
0
0
0
16 1
0
0
0
]
[G
44
45
46
7
50
0
0
0
0
16 1
0
0
0
]
[G
44
45
46
8
50
0
0
0
0
16 1
0
0
0
]
[G
44
45
46
9
50
0
0
0
0
16 1
0
0
0
]
[G
44
45
46
10
50
0
0
0
0
16 1
0
0
0
]
[G
44
45
46
11
50
0
0
0
0
16 1
0
0
0
]
[G
44
45
46
12
50
0
0
0
0
16 1
0
0
0
]
[G
44
45
46
13
50
0
0
0
0
16 1
0
0
0
]
[G
44
45
46
14
50
0
0
0
0
16 1
0
0
0
]
[G
44
45
46
15
50
0
0
0
0
16 1
0
0
0
]
[G
44
45
46
16
50
0
0
0
0
16 1
0
0
0
]
[G
44
45
46
1
50
0
0
0
0
16 1
0
0
0
]
[G
1
2
3
1
8
0
0
0
0
6 0
68
70
70
69
65
83
1
1
1 6 1 1
]
[G
1
2
3
2
8
0
0
0
0
6 0
68
70
70
69
65
83
1
1
1 6 1 1
]
[G
44
45
46
1
53
0
0
0
0
16 1
0
0
0
]
[G
44
45
46
2
53
0
0
0
0
16 1
0
0
0
]
[G
44
45
46
3
53
0
0
0
0
16 1
0
0
0
]
[G
44
69
70
1
76
0
0
0
0
5 0
102
97
108
115
101
1
1
1 5 1 1
]
[G
44
45
46
5
53
0
0
0
0
16 1
0
0
0
]
[G
44
45
46
6
53
0
0
0
0
16 1
0
0
0
]
[G
44
45
46
7
53
0
0
0
0
16 1
0
0
0
]
[G
44
45
46
8
53
0
0
0
0
16 1
0
0
0
]
[G
44
45
46
9
53
0
0
0
0
16 1
0
0
0
]
[G
44
45
46
10
53
0
0
0
0
16 1
0
0
0
]
[G
44
45
46
11
53
0
0
0
0
16 1
0
0
0
]
[G
44
45
46
12
53
0
0
0
0
16 1
0
0
0
]
[G
44
45
46
13
53
0
0
0
0
16 1
0
0
0
]
[G
44
45
46
14
53
0
0
0
0
16 1
0
0
0
]
[G
44
45
46
15
53
0
0
0
0
16 1
0
0
0
]
[G
44
45
46
16
53
0
0
0
0
16 1
0
0
0
]
[G
1
2
3
1
9
0
0
0
0
8 1
0
0
0
]
[G
1
2
3
2
9
0
0
0
0
8 1
0
0
0
]
[G
1
2
3
1
5
0
0
0
0
4 0
116
114
117
101
1
1
1 4 1 1
]
[G
1
2
3
2
5
0
0
0
0
4 0
116
114
117
101
1
1
1 4 1 1
]
[G
44
69
70
1
33
0
0
0
0
0 0
0
0
]
[G
44
45
46
4
53
0
0
0
0
16 1
0
0
0
]
[G
44
78
79
1
9
0
0
0
0
8 1
0
0
0
]
[G
1
2
3
1
30
0
0
0
0
16 1
0
0
0
]
[G
1
2
3
2
30
0
0
0
0
16 1
0
0
0
]
[G
44
80
81
1
33
0
0
0
0
0 0
0
0
]
[G
1
2
3
1
31
0
0
0
0
16 1
0
0
0
]
[G
1
2
3
2
31
0
0
0
0
16 1
0
0
0
]
[G
1
2
3
1
15
0
0
0
0
8 1
0
0
0
]
[G
1
2
3
2
15
0
0
0
0
8 1
0
0
0
]
[G
44
80
81
1
35
0
0
1
0
0 0
0
0
]
[G
1
2
3
1
12
0
0
0
0
8 1
0
0
0
]
[G
1
2
3
2
12
0
0
0
0
8 1
0
0
0
]
[G
44
45
46
1
63
0
0
0
0
16 1
0
0
0
]
[G
44
45
46
2
63
0
0
0
0
16 1
0
0
0
]
[G
44
45
46
3
63
0
0
0
0
16 1
0
0
0
]
[G
44
45
46
4
63
0
0
0
0
16 1
0
0
0
]
[G
44
45
46
5
63
0
0
0
0
16 1
0
0
0
]
[G
44
45
46
6
63
0
0
0
0
16 1
0
0
0
]
[G
44
45
46
7
63
0
0
0
0
16 1
0
0
0
]
[G
44
45
46
8
63
0
0
0
0
16 1
0
0
0
]
[G
44
45
46
9
63
0
0
0
0
16 1
0
0
0
]
[G
44
45
46
10
63
0
0
0
0
16 1
0
0
0
]
[G
44
45
46
11
63
0
0
0
0
16 1
0
0
0
]
[G
44
45
46
12
63
0
0
0
0
16 1
0
0
0
]
[G
44
45
46
12
52
0
0
0
0
16 1
0
0
0
]
[G
44
45
46
14
63
0
0
0
0
16 1
0
0
0
]
[G
44
45
46
15
63
0
0
0
0
16 1
0
0
0
]
[G
44
45
46
16
63
0
0
0
0
16 1
0
0
0
]
[G
44
45
46
16
52
0
0
0
0
16 1
0
0
0
]
[G
44
45
46
1
52
0
0
0
0
16 1
0
0
0
]
[G
44
45
46
2
52
0
0
0
0
16 1
0
0
0
]
[G
44
45
46
3
52
0
0
0
0
16 1
0
0
0
]
[G
44
45
46
4
52
0
0
0
0
16 1
0
0
0
]
[G
44
45
46
5
52
0
0
0
0
16 1
0
0
0
]
[G
44
45
46
6
52
0
0
0
0
16 1
0
0
0
]
[G
44
45
46
7
52
0
0
0
0
16 1
0
0
0
]
[G
44
45
46
8
52
0
0
0
0
16 1
0
0
0
]
[G
44
45
46
9
52
0
0
0
0
16 1
0
0
0
]
[G
44
45
46
10
52
0
0
0
0
16 1
0
0
0
]
[G
44
45
46
11
52
0
0
0
0
16 1
0
0
0
]
[G
44
45
46
13
63
0
0
0
0
16 1
0
0
0
]
[G
44
45
46
13
52
0
0
0
0
16 1
0
0
0
]
[G
44
45
46
14
52
0
0
0
0
16 1
0
0
0
]
[G
44
45
46
15
52
0
0
0
0
16 1
0
0
0
]
[G
1
2
3
1
34
0
0
0
0
0 0
0
0
]
[G
1
2
3
2
34
0
0
0
0
0 0
0
0
]
[G
44
78
79
1
34
0
0
0
0
0 0
0
0
]
[G
1
2
3
1
20
0
0
0
0
16 1
0
0
0
]
[G
1
2
3
2
20
0
0
0
0
16 1
0
0
0
]
[G
44
78
79
1
14
0
0
0
0
8 1
0
0
0
]
[G
1
2
3
1
14
0
0
0
0
8 1
0
0
0
]
[G
1
2
3
2
14
0
0
0
0
8 1
0
0
0
]
[G
44
87
70
1
71
0
0
0
0
16 1
0
0
0
]
[G
44
45
46
1
36
0
0
1
0
0 0
0
0
]
[G
44
45
46
2
36
0
0
1
0
0 0
0
0
]
[G
44
45
46
3
36
0
0
1
0
0 0
0
0
]
[G
44
45
46
4
36
0
0
1
0
0 0
0
0
]
[G
44
45
46
5
36
0
0
1
0
0 0
0
0
]
[G
44
45
46
6
36
0
0
1
0
0 0
0
0
]
[G
44
45
46
7
36
0
0
1
0
0 0
0
0
]
[G
44
45
46
8
36
0
0
1
0
0 0
0
0
]
[G
44
45
46
9
36
0
0
1
0
0 0
0
0
]
[G
44
45
46
10
36
0
0
1
0
0 0
0
0
]
[G
44
45
46
11
36
0
0
1
0
0 0
0
0
]
[G
44
45
46
12
36
0
0
1
0
0 0
0
0
]
[G
44
45
46
13
36
0
0
1
0
0 0
0
0
]
[G
44
45
46
14
36
0
0
1
0
0 0
0
0
]
[G
44
45
46
15
36
0
0
1
0
0 0
0
0
]
[G
44
45
46
16
36
0
0
1
0
0 0
0
0
]
[G
44
69
70
1
72
0
0
0
0
16 1
0
0
0
]
[G
1
2
3
1
4
0
0
0
0
3 0
108
111
119
1
1
1 3 1 1
]
[G
1
2
3
2
4
0
0
0
0
3 0
108
111
119
1
1
1 3 1 1
]
[G
44
87
70
1
8
0
0
0
0
18 0
99
121
99
108
111
110
101
105
118
101
95
105
111
95
111
98
117
102
1
1
1 18 1 1
]
[G
44
87
70
1
91
0
0
0
0
16 1
0
0
0
]
[G
44
87
70
1
90
0
0
0
0
16 1
0
0
0
]
[G
44
87
70
1
88
0
0
0
0
16 1
0
0
0
]
[G
44
45
46
1
37
0
0
0
0
1 1
42
1
1
1 1 1 1
]
[G
44
45
46
2
37
0
0
0
0
1 1
42
1
1
1 1 1 1
]
[G
44
45
46
3
37
0
0
0
0
1 1
42
1
1
1 1 1 1
]
[G
44
45
46
4
37
0
0
0
0
1 1
42
1
1
1 1 1 1
]
[G
44
45
46
5
37
0
0
0
0
1 1
42
1
1
1 1 1 1
]
[G
44
45
46
6
37
0
0
0
0
1 1
42
1
1
1 1 1 1
]
[G
44
45
46
7
37
0
0
0
0
1 1
42
1
1
1 1 1 1
]
[G
44
45
46
8
37
0
0
0
0
1 1
42
1
1
1 1 1 1
]
[G
44
45
46
9
37
0
0
0
0
1 1
42
1
1
1 1 1 1
]
[G
44
45
46
10
37
0
0
0
0
1 1
42
1
1
1 1 1 1
]
[G
44
45
46
11
37
0
0
0
0
1 1
42
1
1
1 1 1 1
]
[G
44
45
46
12
37
0
0
0
0
1 1
42
1
1
1 1 1 1
]
[G
44
45
46
13
37
0
0
0
0
1 1
42
1
1
1 1 1 1
]
[G
44
45
46
14
37
0
0
0
0
1 1
42
1
1
1 1 1 1
]
[G
44
45
46
15
37
0
0
0
0
1 1
42
1
1
1 1 1 1
]
[G
44
45
46
16
37
0
0
0
0
1 1
42
1
1
1 1 1 1
]
[G
1
2
3
1
6
0
0
0
0
5 0
102
97
108
115
101
1
1
1 5 1 1
]
[G
1
2
3
2
6
0
0
0
0
5 0
102
97
108
115
101
1
1
1 5 1 1
]
[G
44
45
46
1
8
0
0
0
0
21 0
99
121
99
108
111
110
101
105
118
101
95
108
99
101
108
108
95
99
111
109
98
1
1
1 21 1 1
]
[G
44
45
46
2
8
0
0
0
0
21 0
99
121
99
108
111
110
101
105
118
101
95
108
99
101
108
108
95
99
111
109
98
1
1
1 21 1 1
]
[G
44
45
46
3
8
0
0
0
0
21 0
99
121
99
108
111
110
101
105
118
101
95
108
99
101
108
108
95
99
111
109
98
1
1
1 21 1 1
]
[G
44
45
46
4
8
0
0
0
0
21 0
99
121
99
108
111
110
101
105
118
101
95
108
99
101
108
108
95
99
111
109
98
1
1
1 21 1 1
]
[G
44
45
46
5
8
0
0
0
0
21 0
99
121
99
108
111
110
101
105
118
101
95
108
99
101
108
108
95
99
111
109
98
1
1
1 21 1 1
]
[G
44
45
46
6
8
0
0
0
0
21 0
99
121
99
108
111
110
101
105
118
101
95
108
99
101
108
108
95
99
111
109
98
1
1
1 21 1 1
]
[G
44
45
46
7
8
0
0
0
0
21 0
99
121
99
108
111
110
101
105
118
101
95
108
99
101
108
108
95
99
111
109
98
1
1
1 21 1 1
]
[G
44
45
46
8
8
0
0
0
0
21 0
99
121
99
108
111
110
101
105
118
101
95
108
99
101
108
108
95
99
111
109
98
1
1
1 21 1 1
]
[G
44
45
46
9
8
0
0
0
0
21 0
99
121
99
108
111
110
101
105
118
101
95
108
99
101
108
108
95
99
111
109
98
1
1
1 21 1 1
]
[G
44
45
46
10
8
0
0
0
0
21 0
99
121
99
108
111
110
101
105
118
101
95
108
99
101
108
108
95
99
111
109
98
1
1
1 21 1 1
]
[G
44
45
46
11
8
0
0
0
0
21 0
99
121
99
108
111
110
101
105
118
101
95
108
99
101
108
108
95
99
111
109
98
1
1
1 21 1 1
]
[G
44
45
46
12
8
0
0
0
0
21 0
99
121
99
108
111
110
101
105
118
101
95
108
99
101
108
108
95
99
111
109
98
1
1
1 21 1 1
]
[G
44
45
46
13
8
0
0
0
0
21 0
99
121
99
108
111
110
101
105
118
101
95
108
99
101
108
108
95
99
111
109
98
1
1
1 21 1 1
]
[G
44
45
46
14
8
0
0
0
0
21 0
99
121
99
108
111
110
101
105
118
101
95
108
99
101
108
108
95
99
111
109
98
1
1
1 21 1 1
]
[G
44
45
46
15
8
0
0
0
0
21 0
99
121
99
108
111
110
101
105
118
101
95
108
99
101
108
108
95
99
111
109
98
1
1
1 21 1 1
]
[G
44
45
46
16
8
0
0
0
0
21 0
99
121
99
108
111
110
101
105
118
101
95
108
99
101
108
108
95
99
111
109
98
1
1
1 21 1 1
]
[G
1
2
3
2
13
0
0
0
0
8 1
0
0
0
]
[G
1
2
3
1
13
0
0
0
0
8 1
0
0
0
]
[G
44
87
70
1
92
0
0
0
0
16 1
0
0
0
]
[G
1
2
3
1
18
0
0
0
0
8 1
0
0
0
]
[G
1
2
3
2
18
0
0
0
0
8 1
0
0
0
]
[G
44
45
46
1
48
0
0
0
0
5 0
100
97
116
97
99
1
1
1 5 1 1
]
[G
1
2
3
1
22
0
0
0
0
16 1
0
0
0
]
[G
1
2
3
2
22
0
0
0
0
16 1
0
0
0
]
[G
44
45
46
4
48
0
0
0
0
5 0
100
97
116
97
99
1
1
1 5 1 1
]
[G
44
45
46
5
48
0
0
0
0
5 0
100
97
116
97
99
1
1
1 5 1 1
]
[G
44
45
46
6
48
0
0
0
0
5 0
100
97
116
97
99
1
1
1 5 1 1
]
[G
44
45
46
7
48
0
0
0
0
5 0
100
97
116
97
99
1
1
1 5 1 1
]
[G
44
45
46
8
48
0
0
0
0
5 0
100
97
116
97
99
1
1
1 5 1 1
]
[G
44
45
46
9
48
0
0
0
0
5 0
100
97
116
97
99
1
1
1 5 1 1
]
[G
44
45
46
10
48
0
0
0
0
5 0
100
97
116
97
99
1
1
1 5 1 1
]
[G
44
45
46
11
48
0
0
0
0
5 0
100
97
116
97
99
1
1
1 5 1 1
]
[G
44
45
46
12
48
0
0
0
0
5 0
100
97
116
97
99
1
1
1 5 1 1
]
[G
44
45
46
13
48
0
0
0
0
5 0
100
97
116
97
99
1
1
1 5 1 1
]
[G
44
45
46
14
48
0
0
0
0
5 0
100
97
116
97
99
1
1
1 5 1 1
]
[G
44
45
46
15
48
0
0
0
0
5 0
100
97
116
97
99
1
1
1 5 1 1
]
[G
44
45
46
16
48
0
0
0
0
5 0
100
97
116
97
99
1
1
1 5 1 1
]
[G
44
45
46
2
48
0
0
0
0
5 0
100
97
116
97
99
1
1
1 5 1 1
]
[G
44
45
46
3
48
0
0
0
0
5 0
100
97
116
97
99
1
1
1 5 1 1
]
[G
44
87
70
1
34
0
0
0
0
0 0
0
0
]
[G
44
45
46
1
59
0
0
0
0
16 1
0
0
0
]
[G
44
45
46
2
59
0
0
0
0
16 1
0
0
0
]
[G
44
45
46
3
59
0
0
0
0
16 1
0
0
0
]
[G
44
45
46
4
59
0
0
0
0
16 1
0
0
0
]
[G
44
45
46
5
59
0
0
0
0
16 1
0
0
0
]
[G
44
45
46
6
59
0
0
0
0
16 1
0
0
0
]
[G
44
45
46
7
59
0
0
0
0
16 1
0
0
0
]
[G
44
45
46
7
60
0
0
0
0
16 1
0
0
0
]
[G
44
45
46
7
61
0
0
0
0
16 1
0
0
0
]
[G
44
45
46
10
59
0
0
0
0
16 1
0
0
0
]
[G
44
45
46
8
62
0
0
0
0
16 1
0
0
0
]
[G
44
45
46
12
59
0
0
0
0
16 1
0
0
0
]
[G
44
45
46
13
59
0
0
0
0
16 1
0
0
0
]
[G
44
45
46
14
59
0
0
0
0
16 1
0
0
0
]
[G
44
45
46
15
59
0
0
0
0
16 1
0
0
0
]
[G
44
45
46
11
54
0
0
0
0
16 1
0
0
0
]
[G
44
45
46
12
54
0
0
0
0
16 1
0
0
0
]
[G
44
45
46
16
61
0
0
0
0
16 1
0
0
0
]
[G
44
45
46
16
62
0
0
0
0
16 1
0
0
0
]
[G
44
45
46
15
54
0
0
0
0
16 1
0
0
0
]
[G
44
45
46
16
54
0
0
0
0
16 1
0
0
0
]
[G
44
45
46
4
60
0
0
0
0
16 1
0
0
0
]
[G
44
45
46
5
60
0
0
0
0
16 1
0
0
0
]
[G
44
45
46
6
60
0
0
0
0
16 1
0
0
0
]
[G
44
45
46
8
59
0
0
0
0
16 1
0
0
0
]
[G
44
45
46
9
59
0
0
0
0
16 1
0
0
0
]
[G
44
45
46
7
62
0
0
0
0
16 1
0
0
0
]
[G
44
45
46
11
59
0
0
0
0
16 1
0
0
0
]
[G
44
45
46
11
60
0
0
0
0
16 1
0
0
0
]
[G
44
45
46
12
60
0
0
0
0
16 1
0
0
0
]
[G
44
45
46
13
60
0
0
0
0
16 1
0
0
0
]
[G
44
45
46
14
60
0
0
0
0
16 1
0
0
0
]
[G
44
45
46
16
59
0
0
0
0
16 1
0
0
0
]
[G
44
45
46
16
60
0
0
0
0
16 1
0
0
0
]
[G
44
45
46
15
62
0
0
0
0
16 1
0
0
0
]
[G
44
45
46
14
54
0
0
0
0
16 1
0
0
0
]
[G
44
45
46
2
60
0
0
0
0
16 1
0
0
0
]
[G
44
45
46
3
60
0
0
0
0
16 1
0
0
0
]
[G
44
45
46
3
61
0
0
0
0
16 1
0
0
0
]
[G
44
45
46
4
61
0
0
0
0
16 1
0
0
0
]
[G
44
45
46
5
61
0
0
0
0
16 1
0
0
0
]
[G
44
45
46
6
61
0
0
0
0
16 1
0
0
0
]
[G
44
45
46
8
60
0
0
0
0
16 1
0
0
0
]
[G
44
45
46
9
60
0
0
0
0
16 1
0
0
0
]
[G
44
45
46
10
60
0
0
0
0
16 1
0
0
0
]
[G
44
45
46
10
61
0
0
0
0
16 1
0
0
0
]
[G
44
45
46
11
61
0
0
0
0
16 1
0
0
0
]
[G
44
45
46
12
61
0
0
0
0
16 1
0
0
0
]
[G
44
45
46
13
61
0
0
0
0
16 1
0
0
0
]
[G
44
45
46
15
60
0
0
0
0
16 1
0
0
0
]
[G
44
45
46
15
61
0
0
0
0
16 1
0
0
0
]
[G
44
45
46
13
54
0
0
0
0
16 1
0
0
0
]
[G
44
80
81
1
32
0
0
0
0
16 1
0
0
0
]
[G
44
45
46
1
61
0
0
0
0
16 1
0
0
0
]
[G
44
45
46
2
61
0
0
0
0
16 1
0
0
0
]
[G
44
45
46
2
62
0
0
0
0
16 1
0
0
0
]
[G
44
45
46
3
62
0
0
0
0
16 1
0
0
0
]
[G
1
2
3
1
33
0
0
0
0
0 0
0
0
]
[G
1
2
3
2
33
0
0
0
0
0 0
0
0
]
[G
44
45
46
6
62
0
0
0
0
16 1
0
0
0
]
[G
44
45
46
8
61
0
0
0
0
16 1
0
0
0
]
[G
44
45
46
9
61
0
0
0
0
16 1
0
0
0
]
[G
44
45
46
9
62
0
0
0
0
16 1
0
0
0
]
[G
44
45
46
10
62
0
0
0
0
16 1
0
0
0
]
[G
44
45
46
11
62
0
0
0
0
16 1
0
0
0
]
[G
44
45
46
12
62
0
0
0
0
16 1
0
0
0
]
[G
44
45
46
14
61
0
0
0
0
16 1
0
0
0
]
[G
44
45
46
14
62
0
0
0
0
16 1
0
0
0
]
[G
44
45
46
1
60
0
0
0
0
16 1
0
0
0
]
[G
44
45
46
1
62
0
0
0
0
16 1
0
0
0
]
[G
44
45
46
1
54
0
0
0
0
16 1
0
0
0
]
[G
1
2
3
1
35
0
0
1
0
0 0
0
0
]
[G
1
2
3
2
35
0
0
1
0
0 0
0
0
]
[G
44
45
46
4
54
0
0
0
0
16 1
0
0
0
]
[G
44
45
46
5
54
0
0
0
0
16 1
0
0
0
]
[G
44
45
46
6
54
0
0
0
0
16 1
0
0
0
]
[G
44
45
46
7
54
0
0
0
0
16 1
0
0
0
]
[G
44
45
46
8
54
0
0
0
0
16 1
0
0
0
]
[G
44
45
46
9
54
0
0
0
0
16 1
0
0
0
]
[G
44
45
46
10
54
0
0
0
0
16 1
0
0
0
]
[G
44
45
46
13
62
0
0
0
0
16 1
0
0
0
]
[G
44
45
46
1
49
0
0
0
0
16 1
0
0
0
]
[G
44
45
46
2
49
0
0
0
0
16 1
0
0
0
]
[G
44
45
46
3
49
0
0
0
0
16 1
0
0
0
]
[G
44
45
46
4
49
0
0
0
0
16 1
0
0
0
]
[G
44
45
46
5
49
0
0
0
0
16 1
0
0
0
]
[G
44
45
46
6
49
0
0
0
0
16 1
0
0
0
]
[G
44
45
46
7
49
0
0
0
0
16 1
0
0
0
]
[G
44
45
46
8
49
0
0
0
0
16 1
0
0
0
]
[G
44
45
46
9
49
0
0
0
0
16 1
0
0
0
]
[G
44
45
46
10
49
0
0
0
0
16 1
0
0
0
]
[G
44
45
46
11
49
0
0
0
0
16 1
0
0
0
]
[G
44
45
46
12
49
0
0
0
0
16 1
0
0
0
]
[G
44
45
46
13
49
0
0
0
0
16 1
0
0
0
]
[G
44
45
46
14
49
0
0
0
0
16 1
0
0
0
]
[G
44
45
46
15
49
0
0
0
0
16 1
0
0
0
]
[G
44
45
46
16
49
0
0
0
0
16 1
0
0
0
]
[G
44
45
46
9
34
0
0
0
0
0 0
0
0
]
[G
44
45
46
10
34
0
0
0
0
0 0
0
0
]
[G
44
45
46
11
34
0
0
0
0
0 0
0
0
]
[G
44
45
46
12
34
0
0
0
0
0 0
0
0
]
[G
44
45
46
13
34
0
0
0
0
0 0
0
0
]
[G
44
45
46
14
34
0
0
0
0
0 0
0
0
]
[G
44
45
46
15
34
0
0
0
0
0 0
0
0
]
[G
44
45
46
16
34
0
0
0
0
0 0
0
0
]
[G
44
45
46
1
34
0
0
0
0
0 0
0
0
]
[G
44
45
46
2
34
0
0
0
0
0 0
0
0
]
[G
44
78
79
1
33
0
0
0
0
0 0
0
0
]
[G
44
45
46
4
34
0
0
0
0
0 0
0
0
]
[G
44
45
46
5
34
0
0
0
0
0 0
0
0
]
[G
44
45
46
6
34
0
0
0
0
0 0
0
0
]
[G
44
45
46
7
34
0
0
0
0
0 0
0
0
]
[G
44
45
46
8
34
0
0
0
0
0 0
0
0
]
[G
44
45
46
4
55
0
0
0
0
16 1
0
0
0
]
[G
44
45
46
5
55
0
0
0
0
16 1
0
0
0
]
[G
44
45
46
6
55
0
0
0
0
16 1
0
0
0
]
[G
44
45
46
7
55
0
0
0
0
16 1
0
0
0
]
[G
44
45
46
8
55
0
0
0
0
16 1
0
0
0
]
[G
44
45
46
9
55
0
0
0
0
16 1
0
0
0
]
[G
44
45
46
10
55
0
0
0
0
16 1
0
0
0
]
[G
44
45
46
11
55
0
0
0
0
16 1
0
0
0
]
[G
44
45
46
12
55
0
0
0
0
16 1
0
0
0
]
[G
44
45
46
13
55
0
0
0
0
16 1
0
0
0
]
[G
44
45
46
14
55
0
0
0
0
16 1
0
0
0
]
[P
1
2
3
68
39
1
0
0
]
[P
1
2
3
43
42
1
0
0
]
[P
1
2
3
43
42
2
0
0
]
[P
44
45
46
65
66
1
0
0
]
[P
44
45
46
65
66
15
0
0
]
[P
44
45
46
64
66
15
0
0
]
[P
44
45
46
64
65
16
0
0
]
[P
44
45
46
67
66
15
0
0
]
[P
1
2
3
41
42
1
0
0
]
[P
1
2
3
41
42
2
0
0
]
[P
1
2
3
38
39
1
0
0
]
[P
1
2
3
38
39
2
0
0
]
[P
44
78
79
68
39
1
0
0
]
[P
1
2
3
40
39
1
0
0
]
[P
1
2
3
40
39
2
0
0
]
