[N
93
39
3 prn
87
18 cycloneive_io_obuf
43
58 c:/intelfpga_lite/23.1std/questa_fse/intel/vhdl/cycloneive
30
8 tipd_prn
1
54 c:/intelfpga_lite/23.1std/questa_fse/intel/vhdl/altera
26
11 tipd_asdata
31
10 tipd_aload
46
8 lut_mask
21
17 tpd_prn_q_negedge
89
29 tipd_seriesterminationcontrol
64
5 dataa
63
5 datab
65
5 datac
23
12 tpd_asdata_q
11
30 tsetup_sclr_clk_noedge_posedge
90
8 tpd_oe_o
5
10 is_wysiwyg
49
17 tpd_datab_combout
8
8 lpm_type
44
21 cycloneive_lcell_comb
9
27 tsetup_d_clk_noedge_posedge
85
10 tipd_inclk
58
10 tipd_dataa
59
10 tipd_datab
60
10 tipd_datac
61
10 tipd_datad
75
1 d
70
7 tpd_i_o
91
10 tpd_i_obar
14
26 thold_d_clk_noedge_posedge
83
17 ena_register_mode
93
17 open_drain_output
76
3 ena
81
13 vital_clkctrl
38
6 asdata
10
32 tsetup_asdata_clk_noedge_posedge
12
31 tsetup_sload_clk_noedge_posedge
74
13 simulate_z_as
6
10 dont_touch
82
10 clock_type
15
31 thold_asdata_clk_noedge_posedge
29
9 tipd_clrn
37
12 InstancePath
17
30 thold_sload_clk_noedge_posedge
34
3 XOn
67
4 arch
50
17 tpd_datac_combout
57
12 tpd_cin_cout
79
4 clrn
36
9 XOnChecks
35
11 MsgOnChecks
78
6 behave
41
5 aload
42
5 sload
18
28 thold_ena_clk_noedge_posedge
33
5 MsgOn
7
14 x_on_violation
54
14 tpd_datab_cout
3
12 vital_dffeas
51
17 tpd_datad_combout
56
14 tpd_datad_cout
24
8 tipd_clk
32
8 tipd_ena
73
8 bus_hold
27
9 tipd_sclr
53
14 tpd_dataa_cout
25
6 tipd_d
22
19 tpd_aload_q_posedge
68
6 tipd_i
71
10 tpd_ibar_o
55
14 tpd_datac_cout
47
14 sum_lutc_input
28
10 tipd_sload
80
18 cycloneive_clkctrl
92
11 tpd_oe_obar
4
8 power_up
84
16 tpd_inclk_outclk
19
17 tpd_clk_q_posedge
88
7 tipd_oe
69
9 tipd_ibar
16
29 thold_sclr_clk_noedge_posedge
13
29 tsetup_ena_clk_noedge_posedge
86
14 tipd_clkselect
20
18 tpd_clrn_q_negedge
62
8 tipd_cin
72
17 differential_mode
52
15 tpd_cin_combout
48
17 tpd_dataa_combout
40
4 sclr
2
6 dffeas
66
18 cycloneive_io_ibuf
45
16 vital_lcell_comb
77
18 cycloneive_ena_reg
]
[G
43
77
78
1
33
0
0
0
0
0 0
0
0
]
[G
43
87
67
1
70
0
0
0
0
16 1
0
0
0
]
[G
43
80
81
1
83
0
0
0
0
4 0
110
111
110
101
1
1
1 4 1 1
]
[G
43
44
45
2
53
0
0
0
0
16 1
0
0
0
]
[G
43
44
45
5
61
0
0
0
0
16 1
0
0
0
]
[G
1
2
3
3
35
0
0
1
0
0 0
0
0
]
[G
43
44
45
1
34
0
0
0
0
0 0
0
0
]
[G
43
44
45
2
34
0
0
0
0
0 0
0
0
]
[G
43
77
78
1
35
0
0
1
0
0 0
0
0
]
[G
43
80
81
1
82
0
0
0
0
12 0
103
108
111
98
97
108
32
99
108
111
99
107
1
1
1 12 1 1
]
[G
43
80
81
1
36
0
0
1
0
0 0
0
0
]
[G
43
66
67
1
68
0
0
0
0
16 1
0
0
0
]
[G
43
44
45
1
50
0
0
0
0
16 1
0
0
0
]
[G
43
44
45
2
50
0
0
0
0
16 1
0
0
0
]
[G
43
44
45
3
50
0
0
0
0
16 1
0
0
0
]
[G
43
44
45
4
50
0
0
0
0
16 1
0
0
0
]
[G
43
44
45
5
50
0
0
0
0
16 1
0
0
0
]
[G
43
44
45
6
50
0
0
0
0
16 1
0
0
0
]
[G
43
44
45
7
50
0
0
0
0
16 1
0
0
0
]
[G
43
44
45
8
50
0
0
0
0
16 1
0
0
0
]
[G
43
44
45
9
50
0
0
0
0
16 1
0
0
0
]
[G
43
44
45
10
50
0
0
0
0
16 1
0
0
0
]
[G
43
44
45
11
50
0
0
0
0
16 1
0
0
0
]
[G
43
44
45
12
50
0
0
0
0
16 1
0
0
0
]
[G
1
2
3
1
27
0
0
0
0
16 1
0
0
0
]
[G
1
2
3
2
27
0
0
0
0
16 1
0
0
0
]
[G
1
2
3
3
27
0
0
0
0
16 1
0
0
0
]
[G
1
2
3
4
27
0
0
0
0
16 1
0
0
0
]
[G
1
2
3
5
27
0
0
0
0
16 1
0
0
0
]
[G
1
2
3
1
11
0
0
0
0
8 1
0
0
0
]
[G
1
2
3
2
11
0
0
0
0
8 1
0
0
0
]
[G
1
2
3
3
11
0
0
0
0
8 1
0
0
0
]
[G
1
2
3
4
11
0
0
0
0
8 1
0
0
0
]
[G
1
2
3
5
11
0
0
0
0
8 1
0
0
0
]
[G
1
2
3
1
28
0
0
0
0
16 1
0
0
0
]
[G
1
2
3
2
28
0
0
0
0
16 1
0
0
0
]
[G
1
2
3
3
28
0
0
0
0
16 1
0
0
0
]
[G
1
2
3
4
28
0
0
0
0
16 1
0
0
0
]
[G
1
2
3
5
28
0
0
0
0
16 1
0
0
0
]
[G
43
44
45
1
6
0
0
0
0
3 0
111
102
102
1
1
1 3 1 1
]
[G
43
44
45
2
6
0
0
0
0
3 0
111
102
102
1
1
1 3 1 1
]
[G
43
44
45
3
6
0
0
0
0
3 0
111
102
102
1
1
1 3 1 1
]
[G
43
44
45
4
6
0
0
0
0
3 0
111
102
102
1
1
1 3 1 1
]
[G
43
44
45
5
6
0
0
0
0
3 0
111
102
102
1
1
1 3 1 1
]
[G
43
44
45
6
6
0
0
0
0
3 0
111
102
102
1
1
1 3 1 1
]
[G
43
44
45
7
6
0
0
0
0
3 0
111
102
102
1
1
1 3 1 1
]
[G
1
2
3
2
7
0
0
0
0
2 0
111
110
1
1
1 2 1 1
]
[G
43
44
45
9
6
0
0
0
0
3 0
111
102
102
1
1
1 3 1 1
]
[G
1
2
3
4
7
0
0
0
0
2 0
111
110
1
1
1 2 1 1
]
[G
1
2
3
5
7
0
0
0
0
2 0
111
110
1
1
1 2 1 1
]
[G
43
44
45
12
6
0
0
0
0
3 0
111
102
102
1
1
1 3 1 1
]
[G
43
66
67
1
8
0
0
0
0
18 0
99
121
99
108
111
110
101
105
118
101
95
105
111
95
105
98
117
102
1
1
1 18 1 1
]
[G
1
2
3
1
7
0
0
0
0
2 0
111
110
1
1
1 2 1 1
]
[G
43
44
45
8
6
0
0
0
0
3 0
111
102
102
1
1
1 3 1 1
]
[G
1
2
3
3
7
0
0
0
0
2 0
111
110
1
1
1 2 1 1
]
[G
43
44
45
10
6
0
0
0
0
3 0
111
102
102
1
1
1 3 1 1
]
[G
43
44
45
11
6
0
0
0
0
3 0
111
102
102
1
1
1 3 1 1
]
[G
43
80
81
1
37
0
0
0
0
1 1
42
1
1
1 1 1 1
]
[G
1
2
3
1
10
0
0
0
0
8 1
0
0
0
]
[G
1
2
3
2
10
0
0
0
0
8 1
0
0
0
]
[G
1
2
3
3
10
0
0
0
0
8 1
0
0
0
]
[G
1
2
3
4
10
0
0
0
0
8 1
0
0
0
]
[G
1
2
3
5
10
0
0
0
0
8 1
0
0
0
]
[G
43
87
67
1
73
0
0
0
0
5 0
102
97
108
115
101
1
1
1 5 1 1
]
[G
43
87
67
1
33
0
0
0
0
0 0
0
0
]
[G
43
80
81
1
8
0
0
0
0
18 0
99
121
99
108
111
110
101
105
118
101
95
99
108
107
99
116
114
108
1
1
1 18 1 1
]
[G
1
2
3
1
21
0
0
0
0
16 1
0
0
0
]
[G
1
2
3
2
21
0
0
0
0
16 1
0
0
0
]
[G
1
2
3
3
21
0
0
0
0
16 1
0
0
0
]
[G
1
2
3
4
21
0
0
0
0
16 1
0
0
0
]
[G
1
2
3
5
21
0
0
0
0
16 1
0
0
0
]
[G
1
2
3
1
26
0
0
0
0
16 1
0
0
0
]
[G
1
2
3
2
26
0
0
0
0
16 1
0
0
0
]
[G
1
2
3
3
26
0
0
0
0
16 1
0
0
0
]
[G
1
2
3
4
26
0
0
0
0
16 1
0
0
0
]
[G
1
2
3
5
26
0
0
0
0
16 1
0
0
0
]
[G
43
44
45
3
35
0
0
1
0
0 0
0
0
]
[G
43
44
45
4
35
0
0
1
0
0 0
0
0
]
[G
43
44
45
5
33
0
0
0
0
0 0
0
0
]
[G
43
44
45
6
33
0
0
0
0
0 0
0
0
]
[G
43
44
45
7
35
0
0
1
0
0 0
0
0
]
[G
43
44
45
8
35
0
0
1
0
0 0
0
0
]
[G
43
44
45
9
35
0
0
1
0
0 0
0
0
]
[G
43
44
45
10
35
0
0
1
0
0 0
0
0
]
[G
43
44
45
11
35
0
0
1
0
0 0
0
0
]
[G
43
44
45
12
35
0
0
1
0
0 0
0
0
]
[G
43
44
45
1
33
0
0
0
0
0 0
0
0
]
[G
43
44
45
2
33
0
0
0
0
0 0
0
0
]
[G
43
44
45
3
33
0
0
0
0
0 0
0
0
]
[G
43
44
45
4
33
0
0
0
0
0 0
0
0
]
[G
43
44
45
5
35
0
0
1
0
0 0
0
0
]
[G
43
44
45
6
35
0
0
1
0
0 0
0
0
]
[G
1
2
3
2
32
0
0
0
0
16 1
0
0
0
]
[G
43
44
45
8
33
0
0
0
0
0 0
0
0
]
[G
1
2
3
4
32
0
0
0
0
16 1
0
0
0
]
[G
1
2
3
5
32
0
0
0
0
16 1
0
0
0
]
[G
43
44
45
3
55
0
0
0
0
16 1
0
0
0
]
[G
43
44
45
4
55
0
0
0
0
16 1
0
0
0
]
[G
43
44
45
5
55
0
0
0
0
16 1
0
0
0
]
[G
43
44
45
6
55
0
0
0
0
16 1
0
0
0
]
[G
43
44
45
7
55
0
0
0
0
16 1
0
0
0
]
[G
43
44
45
8
55
0
0
0
0
16 1
0
0
0
]
[G
43
44
45
9
55
0
0
0
0
16 1
0
0
0
]
[G
43
44
45
10
55
0
0
0
0
16 1
0
0
0
]
[G
43
44
45
11
55
0
0
0
0
16 1
0
0
0
]
[G
43
44
45
12
55
0
0
0
0
16 1
0
0
0
]
[G
1
2
3
1
32
0
0
0
0
16 1
0
0
0
]
[G
43
44
45
7
33
0
0
0
0
0 0
0
0
]
[G
1
2
3
3
32
0
0
0
0
16 1
0
0
0
]
[G
43
44
45
9
33
0
0
0
0
0 0
0
0
]
[G
1
2
3
2
16
0
0
0
0
8 1
0
0
0
]
[G
43
66
67
1
34
0
0
0
0
0 0
0
0
]
[G
1
2
3
4
16
0
0
0
0
8 1
0
0
0
]
[G
1
2
3
5
16
0
0
0
0
8 1
0
0
0
]
[G
43
80
81
1
86
0
0
0
0
32 1
0
0
0
]
[G
43
44
45
1
35
0
0
1
0
0 0
0
0
]
[G
43
44
45
2
35
0
0
1
0
0 0
0
0
]
[G
1
2
3
1
16
0
0
0
0
8 1
0
0
0
]
[G
43
44
45
10
33
0
0
0
0
0 0
0
0
]
[G
43
44
45
11
33
0
0
0
0
0 0
0
0
]
[G
43
44
45
12
33
0
0
0
0
0 0
0
0
]
[G
43
44
45
1
55
0
0
0
0
16 1
0
0
0
]
[G
43
44
45
2
55
0
0
0
0
16 1
0
0
0
]
[G
1
2
3
3
16
0
0
0
0
8 1
0
0
0
]
[G
43
80
81
1
34
0
0
0
0
0 0
0
0
]
[G
43
66
67
1
71
0
0
0
0
16 1
0
0
0
]
[G
43
44
45
1
56
0
0
0
0
16 1
0
0
0
]
[G
43
44
45
2
56
0
0
0
0
16 1
0
0
0
]
[G
43
44
45
3
56
0
0
0
0
16 1
0
0
0
]
[G
43
44
45
4
56
0
0
0
0
16 1
0
0
0
]
[G
43
44
45
5
56
0
0
0
0
16 1
0
0
0
]
[G
43
44
45
6
56
0
0
0
0
16 1
0
0
0
]
[G
43
44
45
7
56
0
0
0
0
16 1
0
0
0
]
[G
43
44
45
8
56
0
0
0
0
16 1
0
0
0
]
[G
43
44
45
9
56
0
0
0
0
16 1
0
0
0
]
[G
43
66
67
1
70
0
0
0
0
16 1
0
0
0
]
[G
43
44
45
11
56
0
0
0
0
16 1
0
0
0
]
[G
43
44
45
12
56
0
0
0
0
16 1
0
0
0
]
[G
43
44
45
1
57
0
0
0
0
16 1
0
0
0
]
[G
43
44
45
2
57
0
0
0
0
16 1
0
0
0
]
[G
43
44
45
3
57
0
0
0
0
16 1
0
0
0
]
[G
43
44
45
4
57
0
0
0
0
16 1
0
0
0
]
[G
43
44
45
5
57
0
0
0
0
16 1
0
0
0
]
[G
43
44
45
6
57
0
0
0
0
16 1
0
0
0
]
[G
43
44
45
7
57
0
0
0
0
16 1
0
0
0
]
[G
43
44
45
8
57
0
0
0
0
16 1
0
0
0
]
[G
43
44
45
9
57
0
0
0
0
16 1
0
0
0
]
[G
43
44
45
10
57
0
0
0
0
16 1
0
0
0
]
[G
43
44
45
11
57
0
0
0
0
16 1
0
0
0
]
[G
43
44
45
12
57
0
0
0
0
16 1
0
0
0
]
[G
43
44
45
10
56
0
0
0
0
16 1
0
0
0
]
[G
43
66
67
1
74
0
0
0
0
1 1
122
1
1
1 1 1 1
]
[G
1
2
3
1
17
0
0
0
0
8 1
0
0
0
]
[G
1
2
3
2
17
0
0
0
0
8 1
0
0
0
]
[G
1
2
3
3
17
0
0
0
0
8 1
0
0
0
]
[G
1
2
3
4
17
0
0
0
0
8 1
0
0
0
]
[G
1
2
3
5
17
0
0
0
0
8 1
0
0
0
]
[G
43
77
78
1
36
0
0
1
0
0 0
0
0
]
[G
1
2
3
1
36
0
0
1
0
0 0
0
0
]
[G
1
2
3
2
36
0
0
1
0
0 0
0
0
]
[G
1
2
3
3
36
0
0
1
0
0 0
0
0
]
[G
1
2
3
4
36
0
0
1
0
0 0
0
0
]
[G
1
2
3
5
36
0
0
1
0
0 0
0
0
]
[G
43
80
81
1
85
0
0
0
0
64 1
0
0
0
]
[G
43
44
45
1
46
0
0
0
0
16 0
2
3
2
3
2
3
2
3
3
2
3
2
3
2
3
2
0
0
]
[G
43
44
45
2
46
0
0
0
0
16 0
2
2
2
2
3
3
3
3
2
2
2
2
2
2
2
2
0
0
]
[G
43
44
45
3
46
0
0
0
0
16 0
2
2
3
3
3
3
2
2
2
2
3
3
3
3
3
3
0
0
]
[G
43
44
45
4
46
0
0
0
0
16 0
3
3
2
2
2
2
3
3
2
2
2
2
3
3
2
2
0
0
]
[G
43
44
45
5
46
0
0
0
0
16 0
2
3
2
3
3
2
3
2
2
3
2
3
3
3
3
3
0
0
]
[G
43
44
45
6
46
0
0
0
0
16 0
3
2
3
2
2
3
2
3
2
2
2
2
3
2
3
2
0
0
]
[G
43
44
45
7
46
0
0
0
0
16 0
3
3
3
3
2
2
2
2
2
2
2
2
3
3
3
3
0
0
]
[G
43
44
45
8
46
0
0
0
0
16 0
3
3
2
2
3
3
2
2
3
3
3
3
3
3
3
3
0
0
]
[G
43
44
45
9
46
0
0
0
0
16 0
3
3
3
3
3
3
3
3
3
3
3
3
3
2
3
3
0
0
]
[G
43
44
45
10
46
0
0
0
0
16 0
3
3
3
3
3
3
3
3
3
3
3
3
3
3
3
2
0
0
]
[G
43
44
45
11
46
0
0
0
0
16 0
2
3
2
2
2
3
2
2
2
3
2
2
2
3
2
3
0
0
]
[G
43
44
45
12
46
0
0
0
0
16 0
3
3
3
3
3
3
3
3
2
2
2
2
2
2
2
2
0
0
]
[G
1
2
3
3
23
0
0
0
0
16 1
0
0
0
]
[G
1
2
3
4
23
0
0
0
0
16 1
0
0
0
]
[G
1
2
3
5
23
0
0
0
0
16 1
0
0
0
]
[G
1
2
3
1
19
0
0
0
0
16 1
0
0
0
]
[G
1
2
3
2
19
0
0
0
0
16 1
0
0
0
]
[G
1
2
3
3
19
0
0
0
0
16 1
0
0
0
]
[G
1
2
3
4
19
0
0
0
0
16 1
0
0
0
]
[G
1
2
3
5
19
0
0
0
0
16 1
0
0
0
]
[G
1
2
3
1
23
0
0
0
0
16 1
0
0
0
]
[G
1
2
3
2
23
0
0
0
0
16 1
0
0
0
]
[G
43
77
78
1
25
0
0
0
0
16 1
0
0
0
]
[G
43
77
78
1
19
0
0
0
0
16 1
0
0
0
]
[G
1
2
3
1
25
0
0
0
0
16 1
0
0
0
]
[G
1
2
3
2
25
0
0
0
0
16 1
0
0
0
]
[G
1
2
3
3
25
0
0
0
0
16 1
0
0
0
]
[G
1
2
3
4
25
0
0
0
0
16 1
0
0
0
]
[G
1
2
3
5
25
0
0
0
0
16 1
0
0
0
]
[G
1
2
3
1
29
0
0
0
0
16 1
0
0
0
]
[G
1
2
3
2
29
0
0
0
0
16 1
0
0
0
]
[G
1
2
3
3
29
0
0
0
0
16 1
0
0
0
]
[G
1
2
3
4
29
0
0
0
0
16 1
0
0
0
]
[G
1
2
3
5
29
0
0
0
0
16 1
0
0
0
]
[G
43
66
67
1
72
0
0
0
0
5 0
102
97
108
115
101
1
1
1 5 1 1
]
[G
43
77
78
1
24
0
0
0
0
16 1
0
0
0
]
[G
1
2
3
1
24
0
0
0
0
16 1
0
0
0
]
[G
1
2
3
2
24
0
0
0
0
16 1
0
0
0
]
[G
1
2
3
3
24
0
0
0
0
16 1
0
0
0
]
[G
1
2
3
4
24
0
0
0
0
16 1
0
0
0
]
[G
1
2
3
5
24
0
0
0
0
16 1
0
0
0
]
[G
43
87
67
1
93
0
0
0
0
5 0
102
97
108
115
101
1
1
1 5 1 1
]
[G
1
2
3
1
37
0
0
0
0
1 1
42
1
1
1 1 1 1
]
[G
1
2
3
2
37
0
0
0
0
1 1
42
1
1
1 1 1 1
]
[G
1
2
3
3
37
0
0
0
0
1 1
42
1
1
1 1 1 1
]
[G
1
2
3
4
37
0
0
0
0
1 1
42
1
1
1 1 1 1
]
[G
1
2
3
5
37
0
0
0
0
1 1
42
1
1
1 1 1 1
]
[G
43
44
45
3
49
0
0
0
0
16 1
0
0
0
]
[G
43
44
45
4
49
0
0
0
0
16 1
0
0
0
]
[G
43
44
45
5
49
0
0
0
0
16 1
0
0
0
]
[G
43
44
45
6
49
0
0
0
0
16 1
0
0
0
]
[G
43
44
45
7
49
0
0
0
0
16 1
0
0
0
]
[G
43
44
45
8
49
0
0
0
0
16 1
0
0
0
]
[G
43
44
45
9
49
0
0
0
0
16 1
0
0
0
]
[G
43
44
45
10
49
0
0
0
0
16 1
0
0
0
]
[G
43
44
45
11
49
0
0
0
0
16 1
0
0
0
]
[G
43
44
45
12
49
0
0
0
0
16 1
0
0
0
]
[G
43
44
45
1
49
0
0
0
0
16 1
0
0
0
]
[G
43
44
45
2
49
0
0
0
0
16 1
0
0
0
]
[G
43
77
78
1
37
0
0
0
0
1 1
42
1
1
1 1 1 1
]
[G
43
80
81
1
84
0
0
0
0
64 1
0
0
0
]
[G
1
2
3
1
8
0
0
0
0
6 0
68
70
70
69
65
83
1
1
1 6 1 1
]
[G
1
2
3
2
8
0
0
0
0
6 0
68
70
70
69
65
83
1
1
1 6 1 1
]
[G
1
2
3
3
8
0
0
0
0
6 0
68
70
70
69
65
83
1
1
1 6 1 1
]
[G
1
2
3
4
8
0
0
0
0
6 0
68
70
70
69
65
83
1
1
1 6 1 1
]
[G
1
2
3
5
8
0
0
0
0
6 0
68
70
70
69
65
83
1
1
1 6 1 1
]
[G
43
44
45
1
52
0
0
0
0
16 1
0
0
0
]
[G
43
44
45
2
52
0
0
0
0
16 1
0
0
0
]
[G
43
44
45
3
52
0
0
0
0
16 1
0
0
0
]
[G
43
44
45
4
52
0
0
0
0
16 1
0
0
0
]
[G
43
44
45
5
52
0
0
0
0
16 1
0
0
0
]
[G
43
44
45
6
52
0
0
0
0
16 1
0
0
0
]
[G
43
44
45
7
52
0
0
0
0
16 1
0
0
0
]
[G
43
44
45
8
52
0
0
0
0
16 1
0
0
0
]
[G
43
44
45
9
52
0
0
0
0
16 1
0
0
0
]
[G
43
44
45
10
52
0
0
0
0
16 1
0
0
0
]
[G
43
44
45
11
52
0
0
0
0
16 1
0
0
0
]
[G
43
44
45
12
52
0
0
0
0
16 1
0
0
0
]
[G
1
2
3
1
9
0
0
0
0
8 1
0
0
0
]
[G
43
66
67
1
73
0
0
0
0
5 0
102
97
108
115
101
1
1
1 5 1 1
]
[G
1
2
3
3
9
0
0
0
0
8 1
0
0
0
]
[G
1
2
3
4
9
0
0
0
0
8 1
0
0
0
]
[G
1
2
3
5
9
0
0
0
0
8 1
0
0
0
]
[G
1
2
3
1
5
0
0
0
0
4 0
116
114
117
101
1
1
1 4 1 1
]
[G
1
2
3
2
5
0
0
0
0
4 0
116
114
117
101
1
1
1 4 1 1
]
[G
1
2
3
3
5
0
0
0
0
4 0
116
114
117
101
1
1
1 4 1 1
]
[G
1
2
3
4
5
0
0
0
0
4 0
116
114
117
101
1
1
1 4 1 1
]
[G
1
2
3
5
5
0
0
0
0
4 0
116
114
117
101
1
1
1 4 1 1
]
[G
1
2
3
2
9
0
0
0
0
8 1
0
0
0
]
[G
43
77
78
1
9
0
0
0
0
8 1
0
0
0
]
[G
43
66
67
1
33
0
0
0
0
0 0
0
0
]
[G
1
2
3
1
30
0
0
0
0
16 1
0
0
0
]
[G
1
2
3
2
30
0
0
0
0
16 1
0
0
0
]
[G
1
2
3
3
30
0
0
0
0
16 1
0
0
0
]
[G
1
2
3
4
30
0
0
0
0
16 1
0
0
0
]
[G
1
2
3
5
30
0
0
0
0
16 1
0
0
0
]
[G
1
2
3
1
31
0
0
0
0
16 1
0
0
0
]
[G
1
2
3
2
31
0
0
0
0
16 1
0
0
0
]
[G
1
2
3
3
31
0
0
0
0
16 1
0
0
0
]
[G
1
2
3
4
31
0
0
0
0
16 1
0
0
0
]
[G
1
2
3
5
31
0
0
0
0
16 1
0
0
0
]
[G
1
2
3
1
15
0
0
0
0
8 1
0
0
0
]
[G
1
2
3
2
15
0
0
0
0
8 1
0
0
0
]
[G
1
2
3
3
15
0
0
0
0
8 1
0
0
0
]
[G
1
2
3
4
15
0
0
0
0
8 1
0
0
0
]
[G
1
2
3
5
15
0
0
0
0
8 1
0
0
0
]
[G
43
80
81
1
33
0
0
0
0
0 0
0
0
]
[G
1
2
3
1
12
0
0
0
0
8 1
0
0
0
]
[G
1
2
3
2
12
0
0
0
0
8 1
0
0
0
]
[G
1
2
3
3
12
0
0
0
0
8 1
0
0
0
]
[G
1
2
3
4
12
0
0
0
0
8 1
0
0
0
]
[G
1
2
3
5
12
0
0
0
0
8 1
0
0
0
]
[G
43
44
45
1
62
0
0
0
0
16 1
0
0
0
]
[G
43
44
45
2
62
0
0
0
0
16 1
0
0
0
]
[G
43
44
45
3
62
0
0
0
0
16 1
0
0
0
]
[G
43
44
45
4
62
0
0
0
0
16 1
0
0
0
]
[G
43
44
45
4
51
0
0
0
0
16 1
0
0
0
]
[G
43
44
45
6
62
0
0
0
0
16 1
0
0
0
]
[G
43
44
45
7
62
0
0
0
0
16 1
0
0
0
]
[G
43
44
45
8
62
0
0
0
0
16 1
0
0
0
]
[G
43
44
45
9
62
0
0
0
0
16 1
0
0
0
]
[G
43
44
45
10
62
0
0
0
0
16 1
0
0
0
]
[G
43
44
45
11
62
0
0
0
0
16 1
0
0
0
]
[G
43
44
45
12
62
0
0
0
0
16 1
0
0
0
]
[G
43
44
45
12
51
0
0
0
0
16 1
0
0
0
]
[G
43
44
45
1
51
0
0
0
0
16 1
0
0
0
]
[G
43
44
45
2
51
0
0
0
0
16 1
0
0
0
]
[G
43
44
45
3
51
0
0
0
0
16 1
0
0
0
]
[G
43
44
45
5
62
0
0
0
0
16 1
0
0
0
]
[G
43
44
45
5
51
0
0
0
0
16 1
0
0
0
]
[G
43
44
45
6
51
0
0
0
0
16 1
0
0
0
]
[G
43
44
45
7
51
0
0
0
0
16 1
0
0
0
]
[G
43
44
45
8
51
0
0
0
0
16 1
0
0
0
]
[G
43
44
45
9
51
0
0
0
0
16 1
0
0
0
]
[G
43
44
45
10
51
0
0
0
0
16 1
0
0
0
]
[G
43
44
45
11
51
0
0
0
0
16 1
0
0
0
]
[G
1
2
3
1
34
0
0
0
0
0 0
0
0
]
[G
1
2
3
2
34
0
0
0
0
0 0
0
0
]
[G
1
2
3
3
34
0
0
0
0
0 0
0
0
]
[G
1
2
3
4
34
0
0
0
0
0 0
0
0
]
[G
1
2
3
5
34
0
0
0
0
0 0
0
0
]
[G
43
77
78
1
34
0
0
0
0
0 0
0
0
]
[G
1
2
3
1
20
0
0
0
0
16 1
0
0
0
]
[G
1
2
3
2
20
0
0
0
0
16 1
0
0
0
]
[G
1
2
3
3
20
0
0
0
0
16 1
0
0
0
]
[G
1
2
3
4
20
0
0
0
0
16 1
0
0
0
]
[G
1
2
3
5
20
0
0
0
0
16 1
0
0
0
]
[G
43
77
78
1
14
0
0
0
0
8 1
0
0
0
]
[G
43
80
81
1
35
0
0
1
0
0 0
0
0
]
[G
1
2
3
1
14
0
0
0
0
8 1
0
0
0
]
[G
1
2
3
2
14
0
0
0
0
8 1
0
0
0
]
[G
1
2
3
3
14
0
0
0
0
8 1
0
0
0
]
[G
1
2
3
4
14
0
0
0
0
8 1
0
0
0
]
[G
1
2
3
5
14
0
0
0
0
8 1
0
0
0
]
[G
43
87
67
1
68
0
0
0
0
16 1
0
0
0
]
[G
43
44
45
1
36
0
0
1
0
0 0
0
0
]
[G
43
44
45
2
36
0
0
1
0
0 0
0
0
]
[G
43
44
45
3
36
0
0
1
0
0 0
0
0
]
[G
43
44
45
4
36
0
0
1
0
0 0
0
0
]
[G
43
44
45
5
36
0
0
1
0
0 0
0
0
]
[G
43
44
45
6
36
0
0
1
0
0 0
0
0
]
[G
43
44
45
7
36
0
0
1
0
0 0
0
0
]
[G
43
44
45
8
36
0
0
1
0
0 0
0
0
]
[G
43
44
45
9
36
0
0
1
0
0 0
0
0
]
[G
43
44
45
10
36
0
0
1
0
0 0
0
0
]
[G
43
44
45
11
36
0
0
1
0
0 0
0
0
]
[G
43
44
45
12
36
0
0
1
0
0 0
0
0
]
[G
43
66
67
1
69
0
0
0
0
16 1
0
0
0
]
[G
1
2
3
1
4
0
0
0
0
3 0
108
111
119
1
1
1 3 1 1
]
[G
1
2
3
2
4
0
0
0
0
3 0
108
111
119
1
1
1 3 1 1
]
[G
1
2
3
3
4
0
0
0
0
3 0
108
111
119
1
1
1 3 1 1
]
[G
1
2
3
4
4
0
0
0
0
3 0
108
111
119
1
1
1 3 1 1
]
[G
1
2
3
5
4
0
0
0
0
3 0
108
111
119
1
1
1 3 1 1
]
[G
43
87
67
1
8
0
0
0
0
18 0
99
121
99
108
111
110
101
105
118
101
95
105
111
95
111
98
117
102
1
1
1 18 1 1
]
[G
43
87
67
1
91
0
0
0
0
16 1
0
0
0
]
[G
43
87
67
1
90
0
0
0
0
16 1
0
0
0
]
[G
43
87
67
1
88
0
0
0
0
16 1
0
0
0
]
[G
43
44
45
1
37
0
0
0
0
1 1
42
1
1
1 1 1 1
]
[G
43
44
45
2
37
0
0
0
0
1 1
42
1
1
1 1 1 1
]
[G
43
44
45
3
37
0
0
0
0
1 1
42
1
1
1 1 1 1
]
[G
43
44
45
4
37
0
0
0
0
1 1
42
1
1
1 1 1 1
]
[G
43
44
45
5
37
0
0
0
0
1 1
42
1
1
1 1 1 1
]
[G
43
44
45
6
37
0
0
0
0
1 1
42
1
1
1 1 1 1
]
[G
43
44
45
7
37
0
0
0
0
1 1
42
1
1
1 1 1 1
]
[G
43
44
45
8
37
0
0
0
0
1 1
42
1
1
1 1 1 1
]
[G
43
44
45
9
37
0
0
0
0
1 1
42
1
1
1 1 1 1
]
[G
43
44
45
10
37
0
0
0
0
1 1
42
1
1
1 1 1 1
]
[G
43
44
45
11
37
0
0
0
0
1 1
42
1
1
1 1 1 1
]
[G
43
44
45
12
37
0
0
0
0
1 1
42
1
1
1 1 1 1
]
[G
1
2
3
1
6
0
0
0
0
5 0
102
97
108
115
101
1
1
1 5 1 1
]
[G
1
2
3
2
6
0
0
0
0
5 0
102
97
108
115
101
1
1
1 5 1 1
]
[G
1
2
3
3
6
0
0
0
0
5 0
102
97
108
115
101
1
1
1 5 1 1
]
[G
1
2
3
4
6
0
0
0
0
5 0
102
97
108
115
101
1
1
1 5 1 1
]
[G
1
2
3
5
6
0
0
0
0
5 0
102
97
108
115
101
1
1
1 5 1 1
]
[G
43
44
45
1
8
0
0
0
0
21 0
99
121
99
108
111
110
101
105
118
101
95
108
99
101
108
108
95
99
111
109
98
1
1
1 21 1 1
]
[G
43
44
45
2
8
0
0
0
0
21 0
99
121
99
108
111
110
101
105
118
101
95
108
99
101
108
108
95
99
111
109
98
1
1
1 21 1 1
]
[G
43
44
45
3
8
0
0
0
0
21 0
99
121
99
108
111
110
101
105
118
101
95
108
99
101
108
108
95
99
111
109
98
1
1
1 21 1 1
]
[G
43
44
45
4
8
0
0
0
0
21 0
99
121
99
108
111
110
101
105
118
101
95
108
99
101
108
108
95
99
111
109
98
1
1
1 21 1 1
]
[G
43
44
45
5
8
0
0
0
0
21 0
99
121
99
108
111
110
101
105
118
101
95
108
99
101
108
108
95
99
111
109
98
1
1
1 21 1 1
]
[G
43
44
45
6
8
0
0
0
0
21 0
99
121
99
108
111
110
101
105
118
101
95
108
99
101
108
108
95
99
111
109
98
1
1
1 21 1 1
]
[G
43
44
45
7
8
0
0
0
0
21 0
99
121
99
108
111
110
101
105
118
101
95
108
99
101
108
108
95
99
111
109
98
1
1
1 21 1 1
]
[G
43
44
45
8
8
0
0
0
0
21 0
99
121
99
108
111
110
101
105
118
101
95
108
99
101
108
108
95
99
111
109
98
1
1
1 21 1 1
]
[G
43
44
45
9
8
0
0
0
0
21 0
99
121
99
108
111
110
101
105
118
101
95
108
99
101
108
108
95
99
111
109
98
1
1
1 21 1 1
]
[G
43
44
45
10
8
0
0
0
0
21 0
99
121
99
108
111
110
101
105
118
101
95
108
99
101
108
108
95
99
111
109
98
1
1
1 21 1 1
]
[G
43
44
45
11
8
0
0
0
0
21 0
99
121
99
108
111
110
101
105
118
101
95
108
99
101
108
108
95
99
111
109
98
1
1
1 21 1 1
]
[G
43
44
45
12
8
0
0
0
0
21 0
99
121
99
108
111
110
101
105
118
101
95
108
99
101
108
108
95
99
111
109
98
1
1
1 21 1 1
]
[G
1
2
3
1
13
0
0
0
0
8 1
0
0
0
]
[G
1
2
3
2
13
0
0
0
0
8 1
0
0
0
]
[G
1
2
3
3
13
0
0
0
0
8 1
0
0
0
]
[G
1
2
3
4
13
0
0
0
0
8 1
0
0
0
]
[G
1
2
3
5
13
0
0
0
0
8 1
0
0
0
]
[G
43
87
67
1
92
0
0
0
0
16 1
0
0
0
]
[G
1
2
3
1
18
0
0
0
0
8 1
0
0
0
]
[G
1
2
3
2
18
0
0
0
0
8 1
0
0
0
]
[G
1
2
3
3
18
0
0
0
0
8 1
0
0
0
]
[G
1
2
3
4
18
0
0
0
0
8 1
0
0
0
]
[G
1
2
3
5
18
0
0
0
0
8 1
0
0
0
]
[G
43
44
45
1
47
0
0
0
0
5 0
100
97
116
97
99
1
1
1 5 1 1
]
[G
1
2
3
1
22
0
0
0
0
16 1
0
0
0
]
[G
43
44
45
3
47
0
0
0
0
3 0
99
105
110
1
1
1 3 1 1
]
[G
43
44
45
4
47
0
0
0
0
3 0
99
105
110
1
1
1 3 1 1
]
[G
1
2
3
4
22
0
0
0
0
16 1
0
0
0
]
[G
1
2
3
5
22
0
0
0
0
16 1
0
0
0
]
[G
43
44
45
7
47
0
0
0
0
3 0
99
105
110
1
1
1 3 1 1
]
[G
43
44
45
8
47
0
0
0
0
5 0
100
97
116
97
99
1
1
1 5 1 1
]
[G
43
44
45
9
47
0
0
0
0
5 0
100
97
116
97
99
1
1
1 5 1 1
]
[G
43
44
45
10
47
0
0
0
0
5 0
100
97
116
97
99
1
1
1 5 1 1
]
[G
43
44
45
11
47
0
0
0
0
5 0
100
97
116
97
99
1
1
1 5 1 1
]
[G
43
44
45
12
47
0
0
0
0
5 0
100
97
116
97
99
1
1
1 5 1 1
]
[G
43
44
45
2
47
0
0
0
0
5 0
100
97
116
97
99
1
1
1 5 1 1
]
[G
1
2
3
2
22
0
0
0
0
16 1
0
0
0
]
[G
1
2
3
3
22
0
0
0
0
16 1
0
0
0
]
[G
43
44
45
5
47
0
0
0
0
3 0
99
105
110
1
1
1 3 1 1
]
[G
43
44
45
6
47
0
0
0
0
3 0
99
105
110
1
1
1 3 1 1
]
[G
43
87
67
1
34
0
0
0
0
0 0
0
0
]
[G
43
44
45
1
58
0
0
0
0
16 1
0
0
0
]
[G
43
44
45
2
58
0
0
0
0
16 1
0
0
0
]
[G
43
44
45
3
58
0
0
0
0
16 1
0
0
0
]
[G
43
44
45
3
59
0
0
0
0
16 1
0
0
0
]
[G
43
44
45
3
60
0
0
0
0
16 1
0
0
0
]
[G
43
44
45
3
61
0
0
0
0
16 1
0
0
0
]
[G
43
44
45
7
58
0
0
0
0
16 1
0
0
0
]
[G
43
44
45
8
58
0
0
0
0
16 1
0
0
0
]
[G
43
44
45
4
53
0
0
0
0
16 1
0
0
0
]
[G
43
44
45
10
58
0
0
0
0
16 1
0
0
0
]
[G
43
44
45
11
58
0
0
0
0
16 1
0
0
0
]
[G
43
44
45
12
58
0
0
0
0
16 1
0
0
0
]
[G
43
44
45
12
59
0
0
0
0
16 1
0
0
0
]
[G
43
44
45
12
60
0
0
0
0
16 1
0
0
0
]
[G
43
44
45
12
61
0
0
0
0
16 1
0
0
0
]
[G
43
44
45
11
53
0
0
0
0
16 1
0
0
0
]
[G
43
44
45
12
53
0
0
0
0
16 1
0
0
0
]
[G
43
44
45
1
59
0
0
0
0
16 1
0
0
0
]
[G
43
44
45
2
59
0
0
0
0
16 1
0
0
0
]
[G
43
44
45
4
58
0
0
0
0
16 1
0
0
0
]
[G
43
44
45
4
59
0
0
0
0
16 1
0
0
0
]
[G
43
44
45
4
60
0
0
0
0
16 1
0
0
0
]
[G
43
44
45
4
61
0
0
0
0
16 1
0
0
0
]
[G
43
44
45
7
59
0
0
0
0
16 1
0
0
0
]
[G
43
44
45
9
58
0
0
0
0
16 1
0
0
0
]
[G
43
44
45
9
59
0
0
0
0
16 1
0
0
0
]
[G
43
44
45
10
59
0
0
0
0
16 1
0
0
0
]
[G
43
44
45
11
59
0
0
0
0
16 1
0
0
0
]
[G
43
44
45
11
60
0
0
0
0
16 1
0
0
0
]
[G
43
44
45
11
61
0
0
0
0
16 1
0
0
0
]
[G
43
44
45
10
53
0
0
0
0
16 1
0
0
0
]
[G
43
80
81
1
32
0
0
0
0
16 1
0
0
0
]
[G
43
44
45
1
60
0
0
0
0
16 1
0
0
0
]
[G
43
44
45
2
60
0
0
0
0
16 1
0
0
0
]
[G
43
44
45
5
58
0
0
0
0
16 1
0
0
0
]
[G
43
44
45
6
58
0
0
0
0
16 1
0
0
0
]
[G
43
44
45
6
59
0
0
0
0
16 1
0
0
0
]
[G
43
44
45
3
53
0
0
0
0
16 1
0
0
0
]
[G
43
44
45
8
59
0
0
0
0
16 1
0
0
0
]
[G
43
44
45
8
60
0
0
0
0
16 1
0
0
0
]
[G
43
44
45
9
60
0
0
0
0
16 1
0
0
0
]
[G
43
44
45
10
60
0
0
0
0
16 1
0
0
0
]
[G
43
44
45
10
61
0
0
0
0
16 1
0
0
0
]
[G
43
44
45
9
53
0
0
0
0
16 1
0
0
0
]
[G
43
44
45
1
61
0
0
0
0
16 1
0
0
0
]
[G
43
44
45
2
61
0
0
0
0
16 1
0
0
0
]
[G
43
44
45
5
59
0
0
0
0
16 1
0
0
0
]
[G
43
44
45
5
60
0
0
0
0
16 1
0
0
0
]
[G
1
2
3
2
33
0
0
0
0
0 0
0
0
]
[G
43
44
45
7
60
0
0
0
0
16 1
0
0
0
]
[G
1
2
3
4
33
0
0
0
0
0 0
0
0
]
[G
1
2
3
5
33
0
0
0
0
0 0
0
0
]
[G
43
44
45
9
61
0
0
0
0
16 1
0
0
0
]
[G
43
44
45
8
53
0
0
0
0
16 1
0
0
0
]
[G
43
44
45
1
53
0
0
0
0
16 1
0
0
0
]
[G
1
2
3
1
33
0
0
0
0
0 0
0
0
]
[G
1
2
3
2
35
0
0
1
0
0 0
0
0
]
[G
43
44
45
6
61
0
0
0
0
16 1
0
0
0
]
[G
43
44
45
7
61
0
0
0
0
16 1
0
0
0
]
[G
1
2
3
5
35
0
0
1
0
0 0
0
0
]
[G
43
44
45
7
53
0
0
0
0
16 1
0
0
0
]
[G
43
87
67
1
89
0
0
0
0
256 1
0
0
0
]
[G
43
44
45
1
48
0
0
0
0
16 1
0
0
0
]
[G
43
44
45
2
48
0
0
0
0
16 1
0
0
0
]
[G
43
44
45
3
48
0
0
0
0
16 1
0
0
0
]
[G
43
44
45
4
48
0
0
0
0
16 1
0
0
0
]
[G
43
44
45
5
48
0
0
0
0
16 1
0
0
0
]
[G
43
44
45
6
48
0
0
0
0
16 1
0
0
0
]
[G
43
44
45
7
48
0
0
0
0
16 1
0
0
0
]
[G
43
44
45
8
48
0
0
0
0
16 1
0
0
0
]
[G
43
44
45
9
48
0
0
0
0
16 1
0
0
0
]
[G
43
44
45
10
48
0
0
0
0
16 1
0
0
0
]
[G
43
44
45
11
48
0
0
0
0
16 1
0
0
0
]
[G
43
44
45
12
48
0
0
0
0
16 1
0
0
0
]
[G
43
44
45
5
34
0
0
0
0
0 0
0
0
]
[G
43
44
45
6
34
0
0
0
0
0 0
0
0
]
[G
43
44
45
7
34
0
0
0
0
0 0
0
0
]
[G
43
44
45
8
34
0
0
0
0
0 0
0
0
]
[G
43
44
45
9
34
0
0
0
0
0 0
0
0
]
[G
43
44
45
10
34
0
0
0
0
0 0
0
0
]
[G
43
44
45
11
34
0
0
0
0
0 0
0
0
]
[G
43
44
45
12
34
0
0
0
0
0 0
0
0
]
[G
1
2
3
1
35
0
0
1
0
0 0
0
0
]
[G
43
44
45
6
60
0
0
0
0
16 1
0
0
0
]
[G
1
2
3
3
33
0
0
0
0
0 0
0
0
]
[G
1
2
3
4
35
0
0
1
0
0 0
0
0
]
[G
43
44
45
8
61
0
0
0
0
16 1
0
0
0
]
[G
43
44
45
3
34
0
0
0
0
0 0
0
0
]
[G
43
44
45
4
34
0
0
0
0
0 0
0
0
]
[G
43
44
45
1
54
0
0
0
0
16 1
0
0
0
]
[G
43
44
45
2
54
0
0
0
0
16 1
0
0
0
]
[G
43
44
45
3
54
0
0
0
0
16 1
0
0
0
]
[G
43
44
45
4
54
0
0
0
0
16 1
0
0
0
]
[G
43
44
45
5
54
0
0
0
0
16 1
0
0
0
]
[G
43
44
45
6
54
0
0
0
0
16 1
0
0
0
]
[G
43
44
45
7
54
0
0
0
0
16 1
0
0
0
]
[G
43
44
45
8
54
0
0
0
0
16 1
0
0
0
]
[G
43
44
45
9
54
0
0
0
0
16 1
0
0
0
]
[G
43
44
45
10
54
0
0
0
0
16 1
0
0
0
]
[G
43
44
45
11
54
0
0
0
0
16 1
0
0
0
]
[G
43
44
45
12
54
0
0
0
0
16 1
0
0
0
]
[G
43
44
45
5
53
0
0
0
0
16 1
0
0
0
]
[G
43
44
45
6
53
0
0
0
0
16 1
0
0
0
]
[P
1
2
3
42
41
1
0
0
]
[P
1
2
3
42
41
2
0
0
]
[P
1
2
3
41
75
4
0
0
]
[P
1
2
3
42
41
5
0
0
]
[P
1
2
3
41
75
3
0
0
]
[P
43
44
45
63
64
2
0
0
]
[P
43
44
45
65
64
3
0
0
]
[P
43
44
45
65
64
4
0
0
]
[P
43
44
45
65
63
5
0
0
]
[P
43
44
45
63
64
7
0
0
]
[P
43
44
45
65
64
7
0
0
]
[P
43
44
45
65
64
8
0
0
]
[P
43
44
45
63
64
12
0
0
]
[P
43
44
45
65
64
12
0
0
]
[P
43
44
45
65
63
1
0
0
]
[P
43
44
45
65
63
6
0
0
]
[P
1
2
3
40
41
1
0
0
]
[P
1
2
3
40
75
4
0
0
]
[P
1
2
3
40
41
5
0
0
]
[P
1
2
3
39
76
1
0
0
]
[P
43
77
78
79
76
1
0
0
]
[P
1
2
3
38
76
1
0
0
]
[P
1
2
3
38
39
2
0
0
]
[P
1
2
3
38
39
5
0
0
]
